[ 865533952 1495664640 1830428672 3793564416  945583872 2560893441
 1255616001 3521326081  113128193 3510715393 1176063745  419839489
 4022737665 3567114496 4252257024 1130562048 1173749759 2517172224
  506462208 3962699776 2133852160 3979280384 2854944768 3239903232
 2954559488  100925440 3257073664 3259367424 1093664768 3004891136
 2434924544 4178509824 1829699584  370016256  402063359 2666594303
 1559298047 2833186815 2397372415 1978007551 3809804288 4063100928
  556924928 2179858431 2246639615 2768699392 4181917696  283770879
  971505663 3072131072   53280768 1831469056 3675717632 2699165695
 3739549695  500039679 3002662911 1494286336 1392443391 2399797248
 4078960640  655425536 1581514752  591659008 3944480768 3036807168
 2919235583 3524591616  669319167 1829371904 1072037887 2465071103
 3154771968 2868707327  606470144  912261120 1498415104 3406299136
  471007232 3089367040 2722103296 2652045312 2381316095 1696268288
 3991928831 2965176319 4023255039 3202482175 2549153791 1391460351
 1996357631 1207566335 2053636096 4096000000 4144955392 2566717439
 2784165887 1185939455  245956607 1674379263 1019871231 2934767615
 4024762367  735510527 1877016575 1913782272 4166123520 3772186624
 2572615936 2798059776 2935816448 3609592320 1662124544 4271767808
 2997485568  926351360   20774912 2302935040 1348599808 2069626880
 3281584128 2946170880 2958098432 3696492544 3927244800  722141184
 3056336896  175964160  653197312 3536060672 1093468672  101777920
 1794834688 2274492672  317128704 1072431103   86441984 3331981312
  735183104  728891904 3055092480  862126848 2452554496  228000256
 2663645440  340197376 2679046144  947650816 3393061632 1853097216
 2691892736 3559130880 1104807424 2343240960 4097639168 3120103424
 2710110720  702022912 1842285312   78321408  378215168 1265638912
 1145576448 2322339584 3497528320 2320564992 2863531776 3518829056
 2138187008  397233664 2562745600 3326765568 1230596096 3841676800
 1014116352 2700214528 3990683647  181141503 3806593023 1261043712
 2506096640 2622423040 2824732672    4849664 1493696512 2934964223
  921567231  922746879 4231397376 1936261120 2036072448 3478585344
 3431596032 1300037632 3007512576 1394212864  639631360 3808428031
 2146893823 2800877567 3840606207 1826095103 1424687103 3556048895
 2163146751 4159504383 3842637824 2182676480 3120562176 4212129792
 3722772479   98762751 2011889663 2664890367  265158655  972554239
  941096960 2264530943  587268096 3220439039 2332819456 2836463616
  128253952 3151626239 1927675903  686620671 2027028479 3219259391
 1188364287  516227071  836829183 3540254720 4228841472 2268135424
  402784256 1409155071 1561198592  249036799 3067019263 4242014207
 3808690176 1999831040 3915972608 3230728192 3528196096 2617966592
  838860800 3911188480 1529610240 2137718784 3470327808 1501495552
 4068475136 1839923456 2487943424 3578265600 2314534911 4260495359
 1027801088  376766464 3689414656 2533032192 2410742272 2491220480
 3761766912  267845632 2772369408 3398565888 3575251200  517210624
 4079879680 1147997184 2810580736 2894335488 3583511296 2485846784
  839909376  754974720 1363279872 3062366208 1760034816 3964862976
 2155414272  480838400 4011000576 1898840320 3322281984 1880227840
 3154182144  489422848 1345257472 4205903872 3690725376  724828416
 1811611648 4169334784  670498815 3554869247 4022730751  449642495
 3790536703 3327721472 4006084608  788791552 3035496448 3481731072
  148963327  906559488 3288203263 3842965504  976027648 2332426496
 3124494848  932643328 1700594176 1164378112 4192206847 1000996863
 4007395327 2562850815 4055957503 2478571519 2647261183 1156907007
   15925248  313196543 1969160191 3717398527 1487011839 1687683071
 2882600959 1454768127 3437821951 3874422783 1641545727  817823743
 2731474943 2882994175  231407615  535691263 2334195712 2520317952
  196935680 3690266624 2137718784 1628110848 2964848639 1961361407
  770113535  320077824 2852454400 1519190016 1756692736 4133421568
 2348876288 1458241536  484048895  987955199 3788111871 1052835839
 2110062591 1472724991 3589406719  167444479 1191968768 3740139519
 1458438143 2533883904 3337551871 1224605695  405667840  406519808
  157810688  262471680 3401973760 1530920960 3488546815  555155456
  150798335  955777023  487915520  624230400 3273326592 3798859776
 1352597504  159252480 3019833343 2280390655 1860960255  285933568
 3573940224 1378811904 1529741312 1880358912  369098752  637272063
 3268476927 3387097087 2849308671 1324351487 3068198911 2446524415
 1895694335  460914688 1238237184 2332426496 3042443264  938999807
  515833855 3485859839  385089535 3355443200 3977445376  541392896
  460062720 1164574720 1880031232 2431385599  199163903 2246246399
 3304259583  134873088 4130275328   38535168 1507983360 2498756608
 2069954560  639500288 3037069312 2421489664  142016512   12582912
 3125084416 1257832960  713164032  711263488  945422592 3185508351
  634781695 1320353791 3150249983 1274085375 1093599232 2825453568
 2217213952 1714552832  403832832 1140260863  569638911 2800025599
 2467102720 1328283648 3038183424 1625817087  282787839 2299592704
 3407020032 2568028160 2987261952 3554410495  332529663 1693777919
 3753771007  718864383  481886207 2615017471 2046164991 3974496255
  349372415 1406795775 3889364991 1908670463 1640497151 3672506367
   14286847 4008181759 1157103615 4277272575 1443692544 3520790527
 2678718463  733675519 2882142207   13959167 4292542463 3069706239
 1173684223 2771714048 2014838784  334888959 1927806975 2431909887
  132775935 3637313535 2160787455 1239023615 3890544639  283967487
 2197946368 1474101247  264503295 3219652607 2040790783 2126249215
 2026831871  621150208 1257766911 3286827007 2733375487  954925055
 3453812735 1425080319 3304128511 3254714367 2785083392 1810235391
 1707540479  633864191 2598240255 2229469183 3119382527 2163867647
 1289551871  922812416  234422271  804061183  904593407 1036582911
  482738175 1121124351  668925951 1325203455 1506148351 4188798975
  365756415  435617791 2618097664 1089339391  500695039 2512584703
 1409744896   49807359 1422655487 3250651135 3536060415 1622933503
 2313486335 1359413248 2848915455 1439563775  468451327 1910571007
 3638427647 1424687103 1271398399  718798847  905510911 1189675007
 4292018175 4005429247 4155113471 1453981695 3369861119 4158128127
 3048407039 2597191679  635437055 4038918143 2846883839 1741160447
 2801270783 1811087359 2649423871 2916679679 3337748479 1558118399
  836370431 3066626047 3202482175  838270975 4245094400 1087963135
 1136459775  263782399 3117547519 3402956799  182255615  735182847
 1052901375 2411921407 1036386303 2512322559 4039901183 1995309055
 1424687103 4277338111  520486912 1208811520 2598240255 2531524607
 4075618303 3672440831 2179530751 2097610752 2215378944 3623223295
 1941372927   77856767 2845179903 3231842303 3703242751  382074879
  868876287 3102212095 2264727551 1110245376 3171614720  166723583
 2347761663 2633433087 1424687103  165478399 1589968895 4054974463
 1775304703 4124704767 2933456895 3705077759 3082813439 3754819583
 2364669951 3522101247 2447245311 2041839615  516947967 2583625727
 3222601728 1139933183 3168403455 1977155583 2432565247          0]